knapPI_6_2000_100000_1
2000
1010354
1010354
time 0.00
1,485,485,1
2,15094,15094,0
3,56326,56326,0
4,24506,24506,0
5,79248,79248,0
6,94416,94416,0
7,45421,45421,0
8,40992,40992,0
9,80322,80322,0
10,66649,66649,0
11,15795,15795,0
12,49237,49237,0
13,58043,58043,0
14,96457,96457,0
15,42845,42845,0
16,67815,67815,0
17,24955,24955,0
18,19446,19446,0
19,49252,49252,0
20,63422,63422,0
21,61009,61009,0
22,88791,88791,0
23,25901,25901,0
24,49359,49359,0
25,81122,81122,0
26,45667,45667,0
27,81094,81094,0
28,31598,31598,0
29,38738,38738,0
30,82007,82007,0
31,88574,88574,0
32,20544,20544,0
33,65715,65715,0
34,85334,85334,0
35,78882,78882,0
36,82766,82766,0
37,31367,31367,0
38,93994,93994,0
39,59984,59984,0
40,59893,59893,0
41,73299,73299,0
42,62633,62633,0
43,49433,49433,0
44,87131,87131,0
45,15682,15682,0
46,5428,5428,0
47,90072,90072,0
48,76700,76700,0
49,97874,97874,0
50,30617,30617,0
51,138,138,0
52,15874,15874,0
53,53856,53856,0
54,77720,77720,0
55,87145,87145,0
56,74419,74419,0
57,37995,37995,0
58,69794,69794,0
59,91529,91529,0
60,28196,28196,0
61,36199,36199,0
62,95997,95997,0
63,83277,83277,0
64,83116,83116,0
65,80097,80097,0
66,15908,15908,0
67,59719,59719,0
68,55539,55539,0
69,35242,35242,0
70,45707,45707,0
71,36107,36107,0
72,38569,38569,0
73,41122,41122,0
74,25537,25537,0
75,41070,41070,0
76,90931,90931,0
77,76098,76098,0
78,55726,55726,0
79,53600,53600,0
80,75487,75487,0
81,36645,36645,0
82,59772,59772,0
83,7267,7267,0
84,67513,67513,0
85,41972,41972,0
86,52081,52081,0
87,9895,9895,0
88,29943,29943,0
89,83213,83213,0
90,88058,88058,0
91,99748,99748,0
92,84303,84303,0
93,89487,89487,0
94,13764,13764,0
95,71923,71923,0
96,6536,6536,0
97,17029,17029,0
98,90724,90724,0
99,25674,25674,0
100,63789,63789,0
101,98540,98540,0
102,27479,27479,0
103,45554,45554,0
104,62142,62142,0
105,22467,22467,0
106,38339,38339,0
107,47046,47046,0
108,68641,68641,0
109,89710,89710,0
110,43196,43196,0
111,40553,40553,0
112,81494,81494,0
113,33191,33191,0
114,84066,84066,0
115,18724,18724,0
116,30824,30824,0
117,5730,5730,0
118,99208,99208,0
119,36988,36988,0
120,59711,59711,0
121,72090,72090,0
122,78800,78800,0
123,19340,19340,0
124,43314,43314,0
125,27549,27549,0
126,66289,66289,0
127,4196,4196,0
128,69401,69401,0
129,70865,70865,0
130,41466,41466,0
131,79678,79678,0
132,2689,2689,0
133,65570,65570,0
134,66833,66833,0
135,14936,14936,0
136,75225,75225,0
137,3722,3722,0
138,36244,36244,0
139,73651,73651,0
140,43849,43849,0
141,76123,76123,0
142,18113,18113,0
143,71431,71431,0
144,33379,33379,0
145,78508,78508,0
146,77361,77361,0
147,7585,7585,0
148,62065,62065,0
149,41853,41853,0
150,67486,67486,0
151,59642,59642,0
152,12686,12686,0
153,97992,97992,0
154,57286,57286,0
155,36725,36725,0
156,71889,71889,0
157,61286,61286,0
158,98024,98024,0
159,61812,61812,0
160,79491,79491,0
161,28859,28859,0
162,6891,6891,0
163,60663,60663,0
164,75090,75090,0
165,81088,81088,0
166,85181,85181,0
167,24179,24179,0
168,21214,21214,0
169,54187,54187,0
170,61017,61017,0
171,96619,96619,0
172,43472,43472,0
173,47261,47261,0
174,4418,4418,0
175,16846,16846,0
176,5419,5419,0
177,29192,29192,0
178,17356,17356,0
179,57261,57261,0
180,86682,86682,0
181,15514,15514,0
182,29306,29306,0
183,12886,12886,0
184,12201,12201,0
185,3530,3530,0
186,88385,88385,0
187,64849,64849,0
188,91952,91952,0
189,83294,83294,0
190,11500,11500,0
191,31799,31799,0
192,21194,21194,0
193,62391,62391,0
194,59737,59737,0
195,64330,64330,0
196,44324,44324,0
197,2298,2298,0
198,12992,12992,0
199,32790,32790,0
200,42224,42224,0
201,45275,45275,0
202,98260,98260,0
203,89826,89826,0
204,71097,71097,0
205,32072,32072,0
206,54210,54210,0
207,2866,2866,0
208,21649,21649,0
209,67951,67951,0
210,36919,36919,0
211,98748,98748,0
212,13063,13063,0
213,56685,56685,0
214,32958,32958,0
215,9956,9956,0
216,54804,54804,0
217,48564,48564,0
218,40518,40518,0
219,24183,24183,0
220,65428,65428,0
221,29400,29400,0
222,5537,5537,0
223,6721,6721,0
224,35346,35346,0
225,81207,81207,0
226,14153,14153,0
227,21323,21323,0
228,78971,78971,0
229,60611,60611,0
230,17662,17662,0
231,92116,92116,0
232,14197,14197,0
233,8109,8109,0
234,18091,18091,0
235,86795,86795,0
236,11529,11529,0
237,99343,99343,0
238,5126,5126,0
239,97862,97862,0
240,38747,38747,0
241,81685,81685,0
242,88469,88469,0
243,7010,7010,0
244,43770,43770,0
245,31881,31881,0
246,41934,41934,0
247,76984,76984,0
248,723,723,0
249,89403,89403,0
250,91895,91895,0
251,78360,78360,0
252,17568,17568,0
253,5449,5449,0
254,16172,16172,0
255,33541,33541,0
256,56958,56958,0
257,96272,96272,0
258,84383,84383,0
259,92877,92877,0
260,33308,33308,0
261,53359,53359,0
262,34970,34970,0
263,52707,52707,0
264,93583,93583,0
265,44308,44308,0
266,66048,66048,0
267,67770,67770,0
268,20930,20930,0
269,33030,33030,0
270,7569,7569,0
271,86208,86208,0
272,25003,25003,0
273,15311,15311,0
274,67020,67020,0
275,2100,2100,0
276,11609,11609,0
277,63939,63939,0
278,95887,95887,0
279,8422,8422,0
280,46825,46825,0
281,92785,92785,0
282,79930,79930,0
283,15370,15370,0
284,14904,14904,0
285,73989,73989,0
286,241,241,0
287,74969,74969,0
288,7379,7379,0
289,9143,9143,0
290,89376,89376,0
291,99972,99972,1
292,37962,37962,0
293,67028,67028,0
294,96889,96889,0
295,23061,23061,0
296,17443,17443,0
297,89638,89638,0
298,88216,88216,0
299,61348,61348,0
300,95338,95338,0
301,89347,89347,0
302,49160,49160,0
303,58066,58066,0
304,46406,46406,0
305,61391,61391,0
306,48159,48159,0
307,5638,5638,0
308,93031,93031,0
309,25295,25295,0
310,55204,55204,0
311,93826,93826,0
312,87420,87420,0
313,81196,81196,0
314,99153,99153,0
315,32449,32449,0
316,43425,43425,0
317,89855,89855,0
318,5331,5331,0
319,52143,52143,0
320,40565,40565,0
321,95487,95487,0
322,77838,77838,0
323,39140,39140,0
324,8009,8009,0
325,50564,50564,0
326,13918,13918,0
327,43615,43615,0
328,80533,80533,0
329,98135,98135,0
330,90232,90232,0
331,73564,73564,0
332,93957,93957,0
333,6360,6360,0
334,56591,56591,0
335,67793,67793,0
336,30576,30576,0
337,9163,9163,0
338,33746,33746,0
339,54859,54859,0
340,46377,46377,0
341,93760,93760,0
342,23858,23858,0
343,59711,59711,0
344,43086,43086,0
345,45662,45662,0
346,62434,62434,0
347,50159,50159,0
348,10558,10558,0
349,95660,95660,0
350,84279,84279,0
351,14268,14268,0
352,92840,92840,0
353,45948,45948,0
354,62735,62735,0
355,17315,17315,0
356,28574,28574,0
357,34676,34676,0
358,70126,70126,0
359,8341,8341,0
360,63912,63912,0
361,13689,13689,0
362,48739,48739,0
363,47894,47894,0
364,40821,40821,0
365,11706,11706,0
366,23625,23625,0
367,57490,57490,0
368,35917,35917,0
369,27478,27478,0
370,96201,96201,0
371,55671,55671,0
372,12993,12993,0
373,1932,1932,0
374,1149,1149,0
375,2899,2899,0
376,10052,10052,0
377,6237,6237,0
378,59759,59759,0
379,30187,30187,0
380,49267,49267,0
381,33472,33472,0
382,92256,92256,0
383,58772,58772,0
384,8783,8783,0
385,52098,52098,0
386,78117,78117,0
387,85906,85906,0
388,41516,41516,0
389,33911,33911,0
390,87180,87180,0
391,50635,50635,0
392,77025,77025,0
393,60225,60225,0
394,40380,40380,0
395,50823,50823,0
396,95712,95712,0
397,99164,99164,0
398,98266,98266,0
399,18343,18343,0
400,33216,33216,0
401,41732,41732,0
402,81448,81448,0
403,89502,89502,0
404,59541,59541,0
405,32740,32740,0
406,62664,62664,0
407,22576,22576,0
408,93954,93954,0
409,23612,23612,0
410,45726,45726,0
411,56902,56902,0
412,76772,76772,0
413,65454,65454,0
414,48531,48531,0
415,78411,78411,0
416,64943,64943,0
417,67973,67973,0
418,61750,61750,0
419,97703,97703,0
420,42327,42327,0
421,14850,14850,0
422,53917,53917,0
423,17077,17077,0
424,84005,84005,0
425,21220,21220,0
426,3113,3113,0
427,24802,24802,0
428,39913,39913,0
429,52403,52403,0
430,50791,50791,0
431,66181,66181,0
432,77998,77998,0
433,12010,12010,0
434,75859,75859,0
435,97525,97525,0
436,30345,30345,0
437,53919,53919,0
438,37431,37431,0
439,74668,74668,0
440,49675,49675,0
441,56527,56527,0
442,42833,42833,0
443,53462,53462,0
444,4438,4438,0
445,45291,45291,0
446,13523,13523,0
447,91605,91605,0
448,87916,87916,0
449,98457,98457,0
450,76420,76420,0
451,28405,28405,0
452,78115,78115,0
453,41417,41417,0
454,6660,6660,0
455,14279,14279,0
456,74261,74261,0
457,17685,17685,0
458,69772,69772,0
459,97596,97596,0
460,78388,78388,0
461,92307,92307,0
462,31764,31764,0
463,20224,20224,0
464,58843,58843,0
465,3322,3322,0
466,48206,48206,0
467,65840,65840,0
468,77407,77407,0
469,36975,36975,0
470,30639,30639,0
471,61401,61401,0
472,50852,50852,0
473,74091,74091,0
474,22542,22542,0
475,45327,45327,0
476,6060,6060,0
477,80330,80330,0
478,26757,26757,0
479,14182,14182,0
480,23082,23082,0
481,79603,79603,0
482,91637,91637,0
483,51793,51793,0
484,23093,23093,0
485,75615,75615,0
486,60614,60614,0
487,63733,63733,0
488,70136,70136,0
489,13864,13864,0
490,30187,30187,0
491,59016,59016,0
492,24102,24102,0
493,14863,14863,0
494,59972,59972,0
495,46987,46987,0
496,69163,69163,0
497,75306,75306,0
498,57501,57501,0
499,88034,88034,0
500,477,477,0
501,96840,96840,0
502,93492,93492,0
503,6700,6700,0
504,71121,71121,0
505,44706,44706,0
506,53080,53080,0
507,94787,94787,0
508,68138,68138,0
509,79105,79105,0
510,67660,67660,0
511,50834,50834,0
512,61229,61229,0
513,85798,85798,0
514,34827,34827,0
515,83310,83310,0
516,22448,22448,0
517,51609,51609,0
518,88230,88230,0
519,80690,80690,0
520,78832,78832,0
521,68561,68561,0
522,16489,16489,0
523,79579,79579,0
524,51586,51586,0
525,40060,40060,0
526,51291,51291,0
527,7388,7388,0
528,9665,9665,0
529,31309,31309,0
530,66660,66660,0
531,61407,61407,0
532,93702,93702,0
533,63200,63200,0
534,2153,2153,0
535,52313,52313,0
536,7606,7606,0
537,28970,28970,0
538,23123,23123,0
539,81033,81033,0
540,31253,31253,0
541,22273,22273,0
542,69709,69709,0
543,95277,95277,0
544,15832,15832,0
545,48997,48997,0
546,72108,72108,0
547,59040,59040,0
548,60888,60888,0
549,5227,5227,0
550,1481,1481,0
551,91860,91860,0
552,61283,61283,0
553,95940,95940,0
554,18858,18858,0
555,45608,45608,0
556,94284,94284,0
557,34990,34990,0
558,95711,95711,0
559,3590,3590,0
560,26850,26850,0
561,66806,66806,0
562,91239,91239,0
563,97052,97052,0
564,58943,58943,0
565,61801,61801,0
566,22195,22195,0
567,39764,39764,0
568,67095,67095,0
569,34710,34710,0
570,1410,1410,0
571,98386,98386,0
572,31664,31664,0
573,2593,2593,0
574,93900,93900,0
575,79050,79050,0
576,60112,60112,0
577,15494,15494,0
578,23963,23963,0
579,32156,32156,0
580,68754,68754,0
581,96936,96936,0
582,97458,97458,0
583,29965,29965,0
584,19,19,0
585,92086,92086,0
586,6225,6225,0
587,50723,50723,0
588,98569,98569,0
589,44184,44184,0
590,6097,6097,0
591,59868,59868,0
592,82194,82194,0
593,97340,97340,0
594,35754,35754,0
595,94412,94412,0
596,54602,54602,0
597,54487,54487,0
598,11061,11061,0
599,60209,60209,0
600,12695,12695,0
601,92346,92346,0
602,70347,70347,0
603,3860,3860,0
604,66719,66719,0
605,88307,88307,0
606,41100,41100,0
607,95,95,0
608,31097,31097,0
609,85821,85821,0
610,26843,26843,0
611,73941,73941,0
612,3745,3745,0
613,2821,2821,0
614,73286,73286,0
615,81587,81587,0
616,47492,47492,0
617,18201,18201,0
618,10116,10116,0
619,5665,5665,0
620,21531,21531,0
621,32527,32527,0
622,82424,82424,0
623,37812,37812,0
624,59253,59253,0
625,69424,69424,0
626,81426,81426,0
627,11459,11459,0
628,78413,78413,0
629,9343,9343,0
630,56980,56980,0
631,44836,44836,0
632,71291,71291,0
633,90506,90506,0
634,62833,62833,0
635,50179,50179,0
636,60486,60486,0
637,71916,71916,0
638,69009,69009,0
639,14430,14430,0
640,91575,91575,0
641,57596,57596,0
642,47922,47922,0
643,55808,55808,0
644,99145,99145,0
645,17269,17269,0
646,89897,89897,0
647,95512,95512,0
648,73404,73404,0
649,67811,67811,0
650,80742,80742,0
651,73685,73685,0
652,30728,30728,0
653,82567,82567,0
654,33269,33269,0
655,3776,3776,0
656,85103,85103,0
657,30855,30855,0
658,79745,79745,0
659,37718,37718,0
660,53035,53035,0
661,96853,96853,0
662,57779,57779,0
663,52097,52097,0
664,36071,36071,0
665,1146,1146,0
666,73080,73080,0
667,29746,29746,0
668,36842,36842,0
669,26015,26015,0
670,68128,68128,0
671,23965,23965,0
672,60941,60941,0
673,51512,51512,0
674,60227,60227,0
675,70480,70480,0
676,26030,26030,0
677,90958,90958,0
678,1342,1342,0
679,11665,11665,0
680,12605,12605,0
681,25191,25191,0
682,73531,73531,0
683,34964,34964,0
684,53364,53364,0
685,2515,2515,0
686,25359,25359,0
687,59606,59606,0
688,36867,36867,0
689,36822,36822,0
690,13820,13820,0
691,24536,24536,0
692,78313,78313,0
693,79693,79693,0
694,85207,85207,0
695,81019,81019,0
696,78911,78911,0
697,30335,30335,0
698,54308,54308,0
699,26101,26101,0
700,76430,76430,0
701,9922,9922,0
702,58685,58685,0
703,29294,29294,0
704,36641,36641,0
705,23910,23910,0
706,40113,40113,0
707,52410,52410,0
708,69141,69141,0
709,13250,13250,0
710,87690,87690,0
711,50546,50546,0
712,22700,22700,0
713,36729,36729,0
714,91559,91559,0
715,98609,98609,0
716,76481,76481,0
717,59720,59720,0
718,10503,10503,0
719,63976,63976,0
720,31766,31766,0
721,31759,31759,0
722,80007,80007,0
723,52798,52798,0
724,71882,71882,0
725,14074,14074,0
726,21859,21859,0
727,48648,48648,0
728,74182,74182,0
729,40299,40299,0
730,90425,90425,0
731,90785,90785,0
732,95542,95542,0
733,19846,19846,0
734,44683,44683,0
735,60390,60390,0
736,853,853,0
737,27897,27897,0
738,55938,55938,0
739,86416,86416,0
740,33089,33089,0
741,80837,80837,0
742,624,624,0
743,23247,23247,0
744,15181,15181,0
745,77293,77293,0
746,72878,72878,0
747,58144,58144,0
748,90933,90933,0
749,22938,22938,0
750,80580,80580,0
751,31467,31467,0
752,2252,2252,0
753,81480,81480,0
754,39207,39207,0
755,28955,28955,0
756,72658,72658,0
757,95665,95665,0
758,49020,49020,0
759,8026,8026,0
760,17954,17954,0
761,84564,84564,0
762,36347,36347,0
763,9449,9449,0
764,10759,10759,0
765,37026,37026,0
766,74446,74446,0
767,90521,90521,0
768,36014,36014,0
769,79301,79301,0
770,13657,13657,0
771,97321,97321,0
772,98710,98710,0
773,41613,41613,0
774,28980,28980,0
775,67388,67388,0
776,25188,25188,0
777,45879,45879,0
778,35636,35636,0
779,59990,59990,0
780,61203,61203,0
781,28188,28188,0
782,63432,63432,0
783,54963,54963,0
784,69129,69129,0
785,84820,84820,0
786,57630,57630,0
787,27300,27300,0
788,85509,85509,0
789,98822,98822,0
790,27237,27237,0
791,81255,81255,0
792,40373,40373,0
793,43277,43277,0
794,17838,17838,0
795,97153,97153,0
796,27395,27395,0
797,19400,19400,0
798,23692,23692,0
799,75227,75227,0
800,89103,89103,0
801,87518,87518,0
802,28218,28218,0
803,11447,11447,0
804,71384,71384,0
805,10315,10315,0
806,27931,27931,0
807,72813,72813,0
808,89396,89396,0
809,5324,5324,0
810,35389,35389,0
811,86502,86502,0
812,640,640,0
813,55299,55299,0
814,83287,83287,0
815,5780,5780,0
816,85297,85297,0
817,66376,66376,0
818,76977,76977,0
819,33516,33516,0
820,21512,21512,0
821,91212,91212,0
822,93219,93219,0
823,51329,51329,0
824,11555,11555,0
825,40810,40810,0
826,65398,65398,0
827,95486,95486,0
828,26289,26289,0
829,9485,9485,0
830,17798,17798,0
831,76416,76416,0
832,97598,97598,0
833,72952,72952,0
834,99049,99049,0
835,2894,2894,0
836,50572,50572,0
837,10358,10358,0
838,2697,2697,0
839,64021,64021,0
840,80770,80770,0
841,67647,67647,0
842,43725,43725,0
843,79044,79044,0
844,72542,72542,0
845,11683,11683,0
846,60214,60214,0
847,75361,75361,0
848,42887,42887,0
849,97814,97814,0
850,47045,47045,0
851,16231,16231,0
852,12094,12094,0
853,82008,82008,0
854,80282,80282,0
855,67165,67165,0
856,28082,28082,0
857,14496,14496,0
858,91319,91319,0
859,51699,51699,0
860,92626,92626,0
861,34852,34852,0
862,62146,62146,0
863,62459,62459,0
864,80541,80541,0
865,18535,18535,0
866,96874,96874,0
867,73314,73314,0
868,56725,56725,0
869,50944,50944,0
870,35777,35777,0
871,23306,23306,0
872,49554,49554,0
873,23459,23459,0
874,59208,59208,0
875,97637,97637,0
876,16787,16787,0
877,10447,10447,0
878,75976,75976,0
879,27408,27408,0
880,52912,52912,0
881,53107,53107,0
882,20444,20444,0
883,97962,97962,0
884,37003,37003,0
885,21565,21565,0
886,24301,24301,0
887,7407,7407,0
888,40164,40164,0
889,61857,61857,0
890,84437,84437,0
891,83317,83317,0
892,28652,28652,0
893,92098,92098,0
894,9764,9764,0
895,58818,58818,0
896,73041,73041,0
897,89600,89600,0
898,52737,52737,0
899,69288,69288,0
900,61176,61176,0
901,15902,15902,0
902,56136,56136,0
903,21567,21567,0
904,21128,21128,0
905,86190,86190,0
906,21394,21394,0
907,18749,18749,0
908,31235,31235,0
909,2908,2908,0
910,77042,77042,0
911,24276,24276,0
912,51824,51824,0
913,57748,57748,0
914,38684,38684,0
915,39592,39592,0
916,56979,56979,0
917,89393,89393,0
918,9568,9568,0
919,8363,8363,0
920,10367,10367,0
921,8163,8163,0
922,48052,48052,0
923,20983,20983,0
924,4642,4642,0
925,5179,5179,0
926,4335,4335,0
927,91016,91016,0
928,44126,44126,0
929,71478,71478,0
930,62130,62130,0
931,82259,82259,0
932,42583,42583,0
933,36868,36868,0
934,48129,48129,0
935,4295,4295,0
936,83752,83752,0
937,76596,76596,0
938,57167,57167,0
939,35071,35071,0
940,47856,47856,0
941,74622,74622,0
942,27640,27640,0
943,12864,12864,0
944,49770,49770,0
945,53644,53644,0
946,51431,51431,0
947,6005,6005,0
948,11195,11195,0
949,15365,15365,0
950,67448,67448,0
951,83429,83429,0
952,45701,45701,0
953,87064,87064,0
954,20952,20952,0
955,7854,7854,0
956,13880,13880,0
957,52770,52770,0
958,44168,44168,0
959,29088,29088,0
960,7079,7079,0
961,8157,8157,0
962,52961,52961,0
963,53368,53368,0
964,44472,44472,0
965,96421,96421,0
966,55217,55217,0
967,21719,21719,0
968,18709,18709,0
969,91271,91271,0
970,30147,30147,0
971,78975,78975,0
972,47296,47296,0
973,95816,95816,0
974,50909,50909,0
975,53962,53962,0
976,5764,5764,0
977,43535,43535,0
978,25251,25251,0
979,14438,14438,0
980,55878,55878,0
981,3696,3696,0
982,45753,45753,0
983,24881,24881,0
984,28570,28570,0
985,23318,23318,0
986,25253,25253,0
987,8045,8045,0
988,47666,47666,0
989,19052,19052,0
990,86931,86931,0
991,22496,22496,0
992,80433,80433,0
993,42313,42313,0
994,37810,37810,0
995,28138,28138,0
996,75678,75678,0
997,97334,97334,0
998,56123,56123,0
999,93988,93988,0
1000,212,212,0
1001,60508,60508,0
1002,6066,6066,0
1003,78770,78770,0
1004,17206,17206,0
1005,751,751,0
1006,3750,3750,0
1007,43780,43780,0
1008,8064,8064,0
1009,67441,67441,0
1010,36466,36466,0
1011,60207,60207,0
1012,29337,29337,0
1013,28516,28516,0
1014,65510,65510,0
1015,60674,60674,0
1016,53796,53796,0
1017,59408,59408,0
1018,50175,50175,0
1019,38920,38920,0
1020,72437,72437,0
1021,62573,62573,0
1022,9938,9938,0
1023,56634,56634,0
1024,6848,6848,0
1025,92878,92878,0
1026,15561,15561,0
1027,44990,44990,0
1028,64718,64718,0
1029,10826,10826,0
1030,82948,82948,0
1031,89696,89696,0
1032,88649,88649,0
1033,73800,73800,0
1034,37569,37569,0
1035,42411,42411,0
1036,32663,32663,0
1037,72422,72422,0
1038,70582,70582,0
1039,60707,60707,0
1040,19843,19843,0
1041,91334,91334,0
1042,86202,86202,0
1043,77986,77986,0
1044,43702,43702,0
1045,77494,77494,0
1046,68579,68579,0
1047,79150,79150,0
1048,82725,82725,0
1049,73562,73562,0
1050,9803,9803,0
1051,63380,63380,0
1052,14340,14340,0
1053,75832,75832,0
1054,62156,62156,0
1055,46979,46979,0
1056,91832,91832,0
1057,77376,77376,0
1058,2602,2602,0
1059,97511,97511,0
1060,4234,4234,0
1061,27414,27414,0
1062,84688,84688,0
1063,72160,72160,0
1064,28184,28184,0
1065,61982,61982,0
1066,64978,64978,0
1067,70238,70238,0
1068,29413,29413,0
1069,23490,23490,0
1070,43633,43633,0
1071,87899,87899,0
1072,93585,93585,0
1073,93251,93251,0
1074,48606,48606,0
1075,29526,29526,0
1076,4963,4963,0
1077,19897,19897,0
1078,63350,63350,0
1079,76039,76039,0
1080,34242,34242,0
1081,19657,19657,0
1082,18539,18539,0
1083,20452,20452,0
1084,76739,76739,0
1085,97538,97538,0
1086,35267,35267,0
1087,54831,54831,0
1088,31165,31165,0
1089,77460,77460,0
1090,17177,17177,0
1091,92185,92185,0
1092,65720,65720,0
1093,33934,33934,0
1094,8802,8802,0
1095,24440,24440,0
1096,88644,88644,0
1097,61490,61490,0
1098,71082,71082,0
1099,95168,95168,0
1100,33798,33798,0
1101,46071,46071,0
1102,71197,71197,0
1103,62977,62977,0
1104,16173,16173,0
1105,14458,14458,0
1106,94081,94081,0
1107,94204,94204,0
1108,23235,23235,0
1109,20803,20803,0
1110,14112,14112,0
1111,51139,51139,0
1112,11103,11103,0
1113,60399,60399,0
1114,95268,95268,0
1115,1420,1420,0
1116,97879,97879,0
1117,80991,80991,0
1118,95643,95643,0
1119,42578,42578,0
1120,9106,9106,0
1121,30972,30972,0
1122,24122,24122,0
1123,47177,47177,0
1124,24444,24444,0
1125,11398,11398,0
1126,99262,99262,0
1127,60348,60348,0
1128,40691,40691,0
1129,53496,53496,0
1130,49997,49997,0
1131,90276,90276,0
1132,36446,36446,0
1133,28825,28825,0
1134,74171,74171,0
1135,52614,52614,0
1136,75549,75549,0
1137,57121,57121,0
1138,58281,58281,0
1139,18730,18730,0
1140,53211,53211,0
1141,14341,14341,0
1142,63112,63112,0
1143,27284,27284,0
1144,81408,81408,0
1145,89698,89698,0
1146,48730,48730,0
1147,46017,46017,0
1148,43363,43363,0
1149,80546,80546,0
1150,68089,68089,0
1151,48672,48672,0
1152,52605,52605,0
1153,48974,48974,0
1154,1938,1938,0
1155,53866,53866,0
1156,18168,18168,0
1157,75377,75377,0
1158,61705,61705,0
1159,30559,30559,0
1160,79047,79047,0
1161,54340,54340,0
1162,46400,46400,0
1163,14527,14527,0
1164,35215,35215,0
1165,22779,22779,0
1166,16114,16114,0
1167,17761,17761,0
1168,58051,58051,0
1169,61483,61483,0
1170,89881,89881,0
1171,35092,35092,0
1172,57549,57549,0
1173,90390,90390,0
1174,61679,61679,0
1175,53583,53583,0
1176,24328,24328,0
1177,64661,64661,0
1178,75250,75250,0
1179,2391,2391,0
1180,4203,4203,0
1181,14336,14336,0
1182,80481,80481,0
1183,87661,87661,0
1184,70752,70752,0
1185,12125,12125,0
1186,84707,84707,0
1187,63089,63089,0
1188,16082,16082,0
1189,86275,86275,0
1190,45063,45063,0
1191,98359,98359,0
1192,62660,62660,0
1193,75178,75178,0
1194,78021,78021,0
1195,27780,27780,0
1196,60287,60287,0
1197,9042,9042,0
1198,25219,25219,0
1199,44005,44005,0
1200,14500,14500,0
1201,82380,82380,0
1202,76820,76820,0
1203,57772,57772,0
1204,84095,84095,0
1205,3816,3816,0
1206,34044,34044,0
1207,80009,80009,0
1208,34748,34748,0
1209,59484,59484,0
1210,37678,37678,0
1211,72545,72545,0
1212,64276,64276,0
1213,8589,8589,0
1214,27478,27478,0
1215,66157,66157,0
1216,37663,37663,0
1217,71901,71901,0
1218,44594,44594,0
1219,17777,17777,0
1220,39757,39757,0
1221,53074,53074,0
1222,73947,73947,0
1223,92247,92247,0
1224,66448,66448,0
1225,53055,53055,0
1226,77570,77570,0
1227,29479,29479,0
1228,99313,99313,0
1229,785,785,0
1230,16981,16981,0
1231,5958,5958,0
1232,9795,9795,0
1233,10680,10680,0
1234,47552,47552,0
1235,96393,96393,0
1236,82389,82389,0
1237,944,944,0
1238,99280,99280,0
1239,32596,32596,0
1240,24864,24864,0
1241,12619,12619,0
1242,7636,7636,0
1243,70611,70611,0
1244,20512,20512,0
1245,1852,1852,0
1246,76892,76892,0
1247,11283,11283,0
1248,73184,73184,0
1249,51299,51299,0
1250,30947,30947,0
1251,24766,24766,0
1252,61614,61614,0
1253,23312,23312,0
1254,95625,95625,0
1255,11826,11826,0
1256,19149,19149,0
1257,36726,36726,0
1258,32377,32377,0
1259,64733,64733,0
1260,86474,86474,0
1261,57805,57805,0
1262,87018,87018,0
1263,98679,98679,0
1264,6662,6662,0
1265,10403,10403,0
1266,56416,56416,0
1267,63964,63964,0
1268,34001,34001,0
1269,50337,50337,0
1270,60530,60530,0
1271,45541,45541,0
1272,33752,33752,0
1273,79478,79478,0
1274,38022,38022,0
1275,70369,70369,0
1276,8981,8981,0
1277,50946,50946,0
1278,78777,78777,0
1279,96821,96821,0
1280,17957,17957,0
1281,64833,64833,0
1282,17275,17275,0
1283,25837,25837,0
1284,2584,2584,0
1285,17490,17490,0
1286,30582,30582,0
1287,47037,47037,0
1288,69121,69121,0
1289,54594,54594,0
1290,79951,79951,0
1291,3129,3129,0
1292,62668,62668,0
1293,59258,59258,0
1294,90118,90118,0
1295,23246,23246,0
1296,98319,98319,0
1297,35362,35362,0
1298,23896,23896,0
1299,69755,69755,0
1300,38521,38521,0
1301,23504,23504,0
1302,86948,86948,0
1303,41071,41071,0
1304,50248,50248,0
1305,60177,60177,0
1306,82474,82474,0
1307,78176,78176,0
1308,67351,67351,0
1309,74803,74803,0
1310,19054,19054,0
1311,47237,47237,0
1312,59155,59155,0
1313,21677,21677,0
1314,57660,57660,0
1315,6033,6033,1
1316,41871,41871,0
1317,15115,15115,1
1318,68486,68486,1
1319,79597,79597,1
1320,85294,85294,0
1321,75769,75769,0
1322,48425,48425,0
1323,19536,19536,0
1324,61245,61245,0
1325,66956,66956,0
1326,18382,18382,0
1327,17341,17341,0
1328,46371,46371,0
1329,94184,94184,1
1330,93708,93708,1
1331,22234,22234,1
1332,82544,82544,1
1333,63569,63569,1
1334,42794,42794,0
1335,66216,66216,1
1336,78387,78387,1
1337,87537,87537,1
1338,28738,28738,1
1339,46084,46084,1
1340,48520,48520,0
1341,3810,3810,1
1342,41281,41281,1
1343,57657,57657,0
1344,79502,79502,0
1345,99033,99033,0
1346,78091,78091,0
1347,52159,52159,0
1348,60503,60503,0
1349,1520,1520,0
1350,36924,36924,0
1351,99668,99668,0
1352,37016,37016,0
1353,2287,2287,0
1354,73033,73033,0
1355,82229,82229,0
1356,1344,1344,0
1357,32374,32374,1
1358,69349,69349,0
1359,76474,76474,0
1360,45606,45606,0
1361,25672,25672,0
1362,64896,64896,0
1363,83915,83915,0
1364,9595,9595,0
1365,87511,87511,0
1366,78441,78441,0
1367,81123,81123,0
1368,67102,67102,0
1369,82569,82569,0
1370,28052,28052,0
1371,63199,63199,0
1372,92654,92654,0
1373,83396,83396,0
1374,94710,94710,0
1375,91715,91715,0
1376,93434,93434,0
1377,64059,64059,0
1378,99245,99245,0
1379,97610,97610,0
1380,46036,46036,0
1381,917,917,0
1382,13661,13661,0
1383,73927,73927,0
1384,25413,25413,0
1385,85270,85270,0
1386,21013,21013,0
1387,41117,41117,0
1388,41370,41370,0
1389,61516,61516,0
1390,60400,60400,0
1391,20215,20215,0
1392,63195,63195,0
1393,28216,28216,0
1394,36984,36984,0
1395,87237,87237,0
1396,60476,60476,0
1397,94615,94615,0
1398,52164,52164,0
1399,499,499,0
1400,11405,11405,0
1401,10477,10477,0
1402,56674,56674,0
1403,50760,50760,0
1404,81196,81196,0
1405,30285,30285,0
1406,70608,70608,0
1407,28056,28056,0
1408,22907,22907,0
1409,16966,16966,0
1410,10532,10532,0
1411,35622,35622,0
1412,31051,31051,0
1413,70221,70221,0
1414,60716,60716,0
1415,23194,23194,0
1416,26327,26327,0
1417,25091,25091,0
1418,8880,8880,0
1419,72347,72347,0
1420,1710,1710,0
1421,5252,5252,0
1422,53267,53267,0
1423,14473,14473,0
1424,39400,39400,0
1425,77516,77516,0
1426,48376,48376,0
1427,51385,51385,0
1428,63609,63609,0
1429,88357,88357,0
1430,28320,28320,0
1431,2958,2958,0
1432,56196,56196,0
1433,67665,67665,0
1434,71538,71538,0
1435,51792,51792,0
1436,32935,32935,0
1437,14064,14064,0
1438,28404,28404,0
1439,17420,17420,0
1440,42100,42100,0
1441,82671,82671,0
1442,39126,39126,0
1443,16968,16968,0
1444,41855,41855,0
1445,60877,60877,0
1446,22094,22094,0
1447,6177,6177,0
1448,35731,35731,0
1449,44523,44523,0
1450,48253,48253,0
1451,43139,43139,0
1452,35008,35008,0
1453,91152,91152,0
1454,37393,37393,0
1455,89732,89732,0
1456,42543,42543,0
1457,246,246,0
1458,13348,13348,0
1459,25565,25565,0
1460,59318,59318,0
1461,22740,22740,0
1462,75489,75489,0
1463,80902,80902,0
1464,86022,86022,0
1465,51017,51017,0
1466,48998,48998,0
1467,60973,60973,0
1468,82049,82049,0
1469,71298,71298,0
1470,77381,77381,0
1471,6611,6611,0
1472,80010,80010,0
1473,89032,89032,0
1474,39429,39429,0
1475,67011,67011,0
1476,99221,99221,0
1477,43337,43337,0
1478,74150,74150,0
1479,29136,29136,0
1480,26717,26717,0
1481,45889,45889,0
1482,98530,98530,0
1483,96522,96522,0
1484,49332,49332,0
1485,80805,80805,0
1486,8942,8942,0
1487,48028,48028,0
1488,56565,56565,0
1489,37931,37931,0
1490,81216,81216,0
1491,18757,18757,0
1492,47061,47061,0
1493,47609,47609,0
1494,88170,88170,0
1495,54544,54544,0
1496,82872,82872,0
1497,12905,12905,0
1498,68644,68644,0
1499,12595,12595,0
1500,98208,98208,0
1501,12246,12246,0
1502,84680,84680,0
1503,22113,22113,0
1504,73697,73697,0
1505,79175,79175,0
1506,75639,75639,0
1507,38156,38156,0
1508,45679,45679,0
1509,32244,32244,0
1510,55961,55961,0
1511,57883,57883,0
1512,74361,74361,0
1513,90265,90265,0
1514,80802,80802,0
1515,90883,90883,0
1516,93359,93359,0
1517,21462,21462,0
1518,77839,77839,0
1519,485,485,0
1520,2718,2718,0
1521,30272,30272,0
1522,63280,63280,0
1523,23204,23204,0
1524,28252,28252,0
1525,90984,90984,0
1526,61280,61280,0
1527,77409,77409,0
1528,39102,39102,0
1529,27398,27398,0
1530,45615,45615,0
1531,77909,77909,0
1532,72296,72296,0
1533,78370,78370,0
1534,481,481,0
1535,87882,87882,0
1536,64956,64956,0
1537,41214,41214,0
1538,61230,61230,0
1539,79766,79766,0
1540,90259,90259,0
1541,56035,56035,0
1542,86922,86922,0
1543,10421,10421,0
1544,77706,77706,0
1545,95271,95271,0
1546,82272,82272,0
1547,10370,10370,0
1548,27156,27156,0
1549,33848,33848,0
1550,46552,46552,0
1551,8050,8050,0
1552,77485,77485,0
1553,55976,55976,0
1554,16536,16536,0
1555,4270,4270,0
1556,21070,21070,0
1557,27796,27796,0
1558,20902,20902,0
1559,5963,5963,0
1560,87452,87452,0
1561,11379,11379,0
1562,57035,57035,0
1563,85991,85991,0
1564,25947,25947,0
1565,90551,90551,0
1566,11378,11378,0
1567,897,897,0
1568,13057,13057,0
1569,90307,90307,0
1570,22352,22352,0
1571,94421,94421,0
1572,81669,81669,0
1573,80074,80074,0
1574,80702,80702,0
1575,66388,66388,0
1576,13141,13141,0
1577,38559,38559,0
1578,7458,7458,0
1579,9980,9980,0
1580,91463,91463,0
1581,83615,83615,0
1582,91756,91756,0
1583,54681,54681,0
1584,42887,42887,0
1585,62231,62231,0
1586,42332,42332,0
1587,53207,53207,0
1588,76528,76528,0
1589,32818,32818,0
1590,38656,38656,0
1591,95331,95331,0
1592,35254,35254,0
1593,54979,54979,0
1594,69787,69787,0
1595,68445,68445,0
1596,90495,90495,0
1597,66348,66348,0
1598,98370,98370,0
1599,93724,93724,0
1600,49010,49010,0
1601,35401,35401,0
1602,67200,67200,0
1603,11646,11646,0
1604,64327,64327,0
1605,88668,88668,0
1606,81017,81017,0
1607,55242,55242,0
1608,21374,21374,0
1609,45302,45302,0
1610,99755,99755,0
1611,69861,69861,0
1612,27980,27980,0
1613,68830,68830,0
1614,79376,79376,0
1615,40077,40077,0
1616,33008,33008,0
1617,33441,33441,0
1618,60032,60032,0
1619,73589,73589,0
1620,95460,95460,0
1621,19990,19990,0
1622,38804,38804,0
1623,8189,8189,0
1624,83023,83023,0
1625,57868,57868,0
1626,76869,76869,0
1627,65996,65996,0
1628,5943,5943,0
1629,93363,93363,0
1630,33715,33715,0
1631,20237,20237,0
1632,628,628,0
1633,96420,96420,0
1634,83073,83073,0
1635,82565,82565,0
1636,79199,79199,0
1637,55214,55214,0
1638,39038,39038,0
1639,32333,32333,0
1640,91209,91209,0
1641,97726,97726,0
1642,95327,95327,0
1643,64175,64175,0
1644,79912,79912,0
1645,42058,42058,0
1646,49799,49799,0
1647,86625,86625,0
1648,27372,27372,0
1649,63066,63066,0
1650,11976,11976,0
1651,94169,94169,0
1652,63120,63120,0
1653,51475,51475,0
1654,21667,21667,0
1655,64204,64204,0
1656,98188,98188,0
1657,93090,93090,0
1658,86028,86028,0
1659,71496,71496,0
1660,5704,5704,0
1661,88001,88001,0
1662,649,649,0
1663,26474,26474,0
1664,20746,20746,0
1665,73449,73449,0
1666,84697,84697,0
1667,88252,88252,0
1668,65712,65712,0
1669,69332,69332,0
1670,18289,18289,0
1671,46287,46287,0
1672,9625,9625,0
1673,14189,14189,0
1674,81953,81953,0
1675,71889,71889,0
1676,94462,94462,0
1677,83063,83063,0
1678,89302,89302,0
1679,2378,2378,0
1680,26079,26079,0
1681,1206,1206,0
1682,78041,78041,0
1683,51897,51897,0
1684,4823,4823,0
1685,31230,31230,0
1686,77908,77908,0
1687,57382,57382,0
1688,87665,87665,0
1689,7575,7575,0
1690,66036,66036,0
1691,53060,53060,0
1692,59732,59732,0
1693,79529,79529,0
1694,4809,4809,0
1695,97477,97477,0
1696,39066,39066,0
1697,17290,17290,0
1698,61291,61291,0
1699,40089,40089,0
1700,6591,6591,0
1701,4961,4961,0
1702,6583,6583,0
1703,63461,63461,0
1704,43252,43252,0
1705,15702,15702,0
1706,35479,35479,0
1707,89532,89532,0
1708,56530,56530,0
1709,18680,18680,0
1710,84224,84224,0
1711,89053,89053,0
1712,91788,91788,0
1713,21642,21642,0
1714,52309,52309,0
1715,85000,85000,0
1716,6366,6366,0
1717,2891,2891,0
1718,37352,37352,0
1719,93822,93822,0
1720,78402,78402,0
1721,1152,1152,0
1722,12545,12545,0
1723,46324,46324,0
1724,14113,14113,0
1725,77633,77633,0
1726,22967,22967,0
1727,89267,89267,0
1728,84454,84454,0
1729,68381,68381,0
1730,5723,5723,0
1731,8272,8272,0
1732,92014,92014,0
1733,94506,94506,0
1734,68020,68020,0
1735,16419,16419,0
1736,33308,33308,0
1737,76461,76461,0
1738,48644,48644,0
1739,47526,47526,0
1740,40713,40713,0
1741,98978,98978,0
1742,81482,81482,0
1743,71468,71468,0
1744,73336,73336,0
1745,62729,62729,0
1746,80289,80289,0
1747,8795,8795,0
1748,55496,55496,0
1749,97581,97581,0
1750,92326,92326,0
1751,97383,97383,0
1752,78530,78530,0
1753,42226,42226,0
1754,6167,6167,0
1755,61421,61421,0
1756,25522,25522,0
1757,63386,63386,0
1758,59830,59830,0
1759,51273,51273,0
1760,27091,27091,0
1761,62484,62484,0
1762,75116,75116,0
1763,58676,58676,0
1764,75747,75747,0
1765,91107,91107,0
1766,40395,40395,0
1767,91229,91229,0
1768,43958,43958,0
1769,32902,32902,0
1770,55756,55756,0
1771,64962,64962,0
1772,76262,76262,0
1773,84105,84105,0
1774,11703,11703,0
1775,43084,43084,0
1776,85511,85511,0
1777,5991,5991,0
1778,76481,76481,0
1779,21701,21701,0
1780,15449,15449,0
1781,69689,69689,0
1782,71888,71888,0
1783,37655,37655,0
1784,44599,44599,0
1785,45600,45600,0
1786,37306,37306,0
1787,73538,73538,0
1788,8492,8492,0
1789,67499,67499,0
1790,25803,25803,0
1791,33881,33881,0
1792,29445,29445,0
1793,22981,22981,0
1794,37316,37316,0
1795,52473,52473,0
1796,17889,17889,0
1797,24383,24383,0
1798,70785,70785,0
1799,40679,40679,0
1800,85765,85765,0
1801,7573,7573,0
1802,9491,9491,0
1803,91589,91589,0
1804,48589,48589,0
1805,36480,36480,0
1806,6124,6124,0
1807,80145,80145,0
1808,15741,15741,0
1809,77624,77624,0
1810,67898,67898,0
1811,44923,44923,0
1812,88725,88725,0
1813,98915,98915,0
1814,88682,88682,0
1815,91232,91232,0
1816,84131,84131,0
1817,86974,86974,0
1818,92398,92398,0
1819,13735,13735,0
1820,93906,93906,0
1821,4678,4678,0
1822,73753,73753,0
1823,55640,55640,0
1824,13312,13312,0
1825,52644,52644,0
1826,26790,26790,0
1827,52212,52212,0
1828,52301,52301,0
1829,75123,75123,0
1830,61945,61945,0
1831,87253,87253,0
1832,94447,94447,0
1833,56943,56943,0
1834,59197,59197,0
1835,70018,70018,0
1836,81027,81027,0
1837,41916,41916,0
1838,90573,90573,0
1839,37327,37327,0
1840,70589,70589,0
1841,38640,38640,0
1842,17934,17934,0
1843,37615,37615,0
1844,58209,58209,0
1845,49470,49470,0
1846,89529,89529,0
1847,41655,41655,0
1848,25899,25899,0
1849,12288,12288,0
1850,5015,5015,0
1851,92401,92401,0
1852,67592,67592,0
1853,7840,7840,0
1854,73092,73092,0
1855,4633,4633,0
1856,37575,37575,0
1857,44707,44707,0
1858,73814,73814,0
1859,94424,94424,0
1860,73354,73354,0
1861,61682,61682,0
1862,75127,75127,0
1863,99194,99194,0
1864,68374,68374,0
1865,86855,86855,0
1866,99566,99566,0
1867,34190,34190,0
1868,67594,67594,0
1869,19728,19728,0
1870,54973,54973,0
1871,81178,81178,0
1872,85645,85645,0
1873,14275,14275,0
1874,41603,41603,0
1875,84088,84088,0
1876,87712,87712,0
1877,26367,26367,0
1878,44032,44032,0
1879,14544,14544,0
1880,29298,29298,0
1881,83738,83738,0
1882,37561,37561,0
1883,22963,22963,0
1884,1906,1906,0
1885,40460,40460,0
1886,24626,24626,0
1887,81266,81266,0
1888,90143,90143,0
1889,60727,60727,0
1890,8504,8504,0
1891,63033,63033,0
1892,83836,83836,0
1893,43442,43442,0
1894,27361,27361,0
1895,23628,23628,0
1896,10431,10431,0
1897,6384,6384,0
1898,80554,80554,0
1899,97244,97244,0
1900,86024,86024,0
1901,94482,94482,0
1902,36416,36416,0
1903,37765,37765,0
1904,38735,38735,0
1905,77446,77446,0
1906,21243,21243,0
1907,38247,38247,0
1908,34454,34454,0
1909,37913,37913,0
1910,36932,36932,0
1911,98560,98560,0
1912,10494,10494,0
1913,22528,22528,0
1914,58648,58648,0
1915,94594,94594,0
1916,18357,18357,0
1917,55935,55935,0
1918,14596,14596,0
1919,93462,93462,0
1920,59788,59788,0
1921,29621,29621,0
1922,3536,3536,0
1923,67660,67660,0
1924,74759,74759,0
1925,70564,70564,0
1926,94200,94200,0
1927,78302,78302,0
1928,79566,79566,0
1929,83936,83936,0
1930,58741,58741,0
1931,26592,26592,0
1932,49217,49217,0
1933,56724,56724,0
1934,92219,92219,0
1935,78118,78118,0
1936,93832,93832,0
1937,24299,24299,0
1938,9819,9819,0
1939,87251,87251,0
1940,84487,84487,0
1941,8129,8129,0
1942,98473,98473,0
1943,87096,87096,0
1944,20241,20241,0
1945,68167,68167,0
1946,51064,51064,0
1947,45169,45169,0
1948,10516,10516,0
1949,2381,2381,0
1950,25857,25857,0
1951,25976,25976,0
1952,71218,71218,0
1953,58767,58767,0
1954,95490,95490,0
1955,20837,20837,0
1956,35504,35504,0
1957,85407,85407,0
1958,88707,88707,0
1959,31203,31203,0
1960,30342,30342,0
1961,25387,25387,0
1962,95475,95475,0
1963,2735,2735,0
1964,33175,33175,0
1965,1706,1706,0
1966,4786,4786,0
1967,32335,32335,0
1968,50171,50171,0
1969,40,40,0
1970,20232,20232,0
1971,59821,59821,0
1972,52888,52888,0
1973,77131,77131,0
1974,54866,54866,0
1975,22159,22159,0
1976,96976,96976,0
1977,70978,70978,0
1978,68253,68253,0
1979,36053,36053,0
1980,81619,81619,0
1981,39849,39849,0
1982,53642,53642,0
1983,78478,78478,0
1984,65460,65460,0
1985,21019,21019,0
1986,39218,39218,0
1987,18230,18230,0
1988,12218,12218,0
1989,66453,66453,0
1990,49667,49667,0
1991,24336,24336,0
1992,43949,43949,0
1993,68931,68931,0
1994,58089,58089,0
1995,54588,54588,0
1996,41488,41488,0
1997,73449,73449,0
1998,74568,74568,0
1999,12566,12566,0
2000,36526,36526,0
-----
